BUSES REPORT
============================================================================================================================= 
   BUS    V (pu)     O (ยบ)     P (MW)     Q (MVAr)      PG (MW)    QG (MVAr)    PD (MW)   QD (MVAr)     Psh (MW)   Qsh (MVAr) 
----------------------------------------------------------------------------------------------------------------------------- 
    1    1.1000      0.00      221.31       58.68      221.31       58.68        0.00        0.00        0.00        0.00
    2    1.1000     -3.90      126.25       27.36      126.25       27.36        0.00        0.00        0.00        0.00
    3    1.1000     -2.59      130.79       12.10      130.79       12.10        0.00        0.00        0.00        0.00
    4    1.0755     -6.18        0.00        0.00        0.00        0.00        0.00        0.00        0.00        0.00
    5    1.0343    -11.85     -187.50      -75.00        0.00        0.00      187.50       75.00        0.00        0.00
    6    1.0555    -10.14     -135.00      -45.00        0.00        0.00      135.00       45.00        0.00        0.00
    7    1.0868     -7.68        0.00        0.00        0.00        0.00        0.00        0.00        0.00        0.00
    8    1.0694    -10.10     -150.00      -52.50        0.00        0.00      150.00       52.50        0.00        0.00
    9    1.0958     -6.24        0.00        0.00        0.00        0.00        0.00        0.00        0.00        0.00
----------------------------------------------------------------------------------------------------------------------------- 
 TOTAL:                                                 478.35       98.13      472.50      172.50       0.00         0.00
============================================================================================================================= 

