CIRCUITS REPORT
=============================================================================================================================================== 
  CIRC    FROM    TO      Pik (MW)  Qik (MVAr)   Sik (MVA)   Pki (MW)  Qki (MVAr)    Ski (MVA)  Cap (MVA)    Loading    Ploss (MW)  Qloss (MVAr)
----------------------------------------------------------------------------------------------------------------------------------------------- 
    1      1      4      221.31       58.68      228.95     -221.31     -33.73       223.86   250.0000       0.9158        0.000       24.953
    2      2      7      126.25       27.36      129.18     -126.25     -18.74       127.64   250.0000       0.5167        0.000        8.620
    3      3      9      130.79       12.10      131.35     -130.79      -3.74       130.85   300.0000       0.4378        0.000        8.356
    4      4      5      134.28       32.64      138.19     -132.56     -37.64       137.80   250.0000       0.5527        1.717       -4.997
    5      4      6       87.03        1.09       87.03      -85.90     -12.92        86.87   250.0000       0.3481        1.128      -11.834
    6      5      7      -54.94      -37.36       66.44       55.98       8.13        56.56   250.0000       0.2658        1.035      -29.232
    7      6      9      -49.10      -32.08       58.65       50.00      -5.46        50.29   150.0000       0.3910        0.895      -37.534
    8      7      8       70.28       10.61       71.07      -69.89     -24.68        74.13   250.0000       0.2965        0.383      -14.080
    9      8      9      -80.11      -27.82       84.80       80.80       9.19        81.32   150.0000       0.5653        0.694      -18.621
----------------------------------------------------------------------------------------------------------------------------------------------- 
 TOTAL:                                                                                                                     5.852      -74.369
=============================================================================================================================================== 
